20
2539       0.0000000 0.0074605 0.0088292 0.0176172 0.2045173 0.0207699 0.0171225 0.0136265 0.0111301 0.0182733 0.0188375 0.0132919 0.0184915 0.2823586 0.0206753 0.0204112 0.0136802 0.0188343 0.0142642 0.0135982 
35         0.0074605 0.0000000 0.0087636 0.0093320 0.1591240 0.0109118 0.0082600 0.0078006 0.0078335 0.0088297 0.0033308 0.0088308 0.0078291 0.0409337 0.0082979 0.0088405 0.0088588 0.0083964 0.0083157 0.0067938 
4235       0.0088292 0.0087636 0.0000000 0.0062066 0.1577188 0.0097641 0.0122386 0.0077129 0.0067626 0.0037806 0.0072342 0.0086975 0.0057106 0.0381989 0.0067024 0.0092284 0.0112773 0.0082186 0.0061922 0.0066582 
475        0.0176172 0.0093320 0.0062066 0.0000000 0.2069110 0.0129113 0.0197290 0.0113554 0.0171520 0.0079618 0.0157046 0.0154019 0.0131461 0.2789699 0.0147101 0.0161681 0.0176337 0.0115191 0.0099692 0.0140011 
4788       0.2045173 0.1591240 0.1577188 0.2069110 0.0000000 0.2152195 0.2061380 0.1577436 0.1999436 0.2063801 0.1994505 0.2026193 0.2000284 0.2922614 0.2022578 0.2060836 0.2041929 0.2067553 0.2044275 0.1974779 
8958       0.0207699 0.0109118 0.0097641 0.0129113 0.2152195 0.0000000 0.0196962 0.0118153 0.0181034 0.0118335 0.0128621 0.0168665 0.0083677 0.2686400 0.0127787 0.0152157 0.0203465 0.0098900 0.0130157 0.0173766 
A136       0.0171225 0.0082600 0.0122386 0.0197290 0.2061380 0.0196962 0.0000000 0.0132358 0.0164462 0.0204115 0.0185897 0.0136523 0.0190298 0.2873681 0.0206556 0.0193619 0.0158815 0.0229810 0.0143475 0.0142480 
AF1        0.0136265 0.0078006 0.0077129 0.0113554 0.1577436 0.0118153 0.0132358 0.0000000 0.0107108 0.0097629 0.0072647 0.0097488 0.0077579 0.0426027 0.0112356 0.0123544 0.0122847 0.0083587 0.0097012 0.0091882 
ATCC_23114 0.0111301 0.0078335 0.0067626 0.0171520 0.1999436 0.0181034 0.0164462 0.0107108 0.0000000 0.0169770 0.0179585 0.0116829 0.0196987 0.2811194 0.0182028 0.0204924 0.0118533 0.0197917 0.0137266 0.0165755 
FBG        0.0182733 0.0088297 0.0037806 0.0079618 0.2063801 0.0118335 0.0204115 0.0097629 0.0169770 0.0000000 0.0120823 0.0152618 0.0116876 0.2830626 0.0136614 0.0154456 0.0186675 0.0107095 0.0112170 0.0164309 
LBD-4      0.0188375 0.0033308 0.0072342 0.0157046 0.1994505 0.0128621 0.0185897 0.0072647 0.0179585 0.0120823 0.0000000 0.0172651 0.0111976 0.2844629 0.0088396 0.0059395 0.0167740 0.0081401 0.0150451 0.0140920 
PX1114     0.0132919 0.0088308 0.0086975 0.0154019 0.2026193 0.0168665 0.0136523 0.0097488 0.0116829 0.0152618 0.0172651 0.0000000 0.0147262 0.2713461 0.0146912 0.0180253 0.0136421 0.0163412 0.0119547 0.0138823 
SP10291    0.0184915 0.0078291 0.0057106 0.0131461 0.2000284 0.0083677 0.0190298 0.0077579 0.0196987 0.0116876 0.0111976 0.0147262 0.0000000 0.2741259 0.0113017 0.0123527 0.0191427 0.0092149 0.0120608 0.0146876 
SP2565     0.2823586 0.0409337 0.0381989 0.2789699 0.2922614 0.2686400 0.2873681 0.0426027 0.2811194 0.2830626 0.2844629 0.2713461 0.2741259 0.0000000 0.2787328 0.2914704 0.2817869 0.2745730 0.2769359 0.2782084 
SP3615     0.0206753 0.0082979 0.0067024 0.0147101 0.2022578 0.0127787 0.0206556 0.0112356 0.0182028 0.0136614 0.0088396 0.0146912 0.0113017 0.2787328 0.0000000 0.0097074 0.0179346 0.0114780 0.0161505 0.0170940 
SS10       0.0204112 0.0088405 0.0092284 0.0161681 0.2060836 0.0152157 0.0193619 0.0123544 0.0204924 0.0154456 0.0059395 0.0180253 0.0123527 0.2914704 0.0097074 0.0000000 0.0183847 0.0114006 0.0149467 0.0166865 
SS25       0.0136802 0.0088588 0.0112773 0.0176337 0.2041929 0.0203465 0.0158815 0.0122847 0.0118533 0.0186675 0.0167740 0.0136421 0.0191427 0.2817869 0.0179346 0.0183847 0.0000000 0.0206855 0.0161457 0.0132651 
Sprott     0.0188343 0.0083964 0.0082186 0.0115191 0.2067553 0.0098900 0.0229810 0.0083587 0.0197917 0.0107095 0.0081401 0.0163412 0.0092149 0.2745730 0.0114780 0.0114006 0.0206855 0.0000000 0.0127418 0.0167103 
TO0613     0.0142642 0.0083157 0.0061922 0.0099692 0.2044275 0.0130157 0.0143475 0.0097012 0.0137266 0.0112170 0.0150451 0.0119547 0.0120608 0.2769359 0.0161505 0.0149467 0.0161457 0.0127418 0.0000000 0.0094126 
VO31120    0.0135982 0.0067938 0.0066582 0.0140011 0.1974779 0.0173766 0.0142480 0.0091882 0.0165755 0.0164309 0.0140920 0.0138823 0.0146876 0.2782084 0.0170940 0.0166865 0.0132651 0.0167103 0.0094126 0.0000000 
