20
2539       0.0000000 0.0104745 0.0127017 0.0157070 0.0124444 0.0161884 0.0169089 0.0195233 0.0167285 0.0172119 0.0184701 0.0187097 0.0171911 0.0131992 0.0124739 0.2085957 8.9999989 8.9999990 8.9999982 8.8788037 
ATCC_23114 0.0104745 0.0000000 0.0111950 0.0151830 0.0111727 0.0159126 0.0158846 0.0174506 0.0179594 0.0164499 0.0184824 0.0166927 0.0181660 0.0129179 0.0151961 0.2074210 8.9999989 8.9999990 8.9999982 8.8861995 
SS25       0.0127017 0.0111950 0.0000000 0.0146684 0.0129014 0.0161836 0.0171648 0.0192295 0.0174472 0.0156479 0.0169186 0.0166495 0.0186966 0.0149237 0.0124233 0.2063314 8.9999990 8.9999990 8.9999982 8.8876944 
A136       0.0157070 0.0151830 0.0146684 0.0000000 0.0129098 0.0177391 0.0184579 0.0187345 0.0174398 0.0171622 0.0176934 0.0187014 0.0207043 0.0134215 0.0134021 0.2115984 8.9999990 8.9999990 8.9999982 8.9275537 
PX1114     0.0124444 0.0111727 0.0129014 0.0129098 0.0000000 0.0142007 0.0141795 0.0162392 0.0137019 0.0159345 0.0164522 0.0136887 0.0149626 0.0112129 0.0129422 0.2042364 8.9999990 8.9999990 8.9999982 8.8926126 
475        0.0161884 0.0159126 0.0161836 0.0177391 0.0142007 0.0000000 0.0077386 0.0129448 0.0122189 0.0144530 0.0147265 0.0134698 0.0109467 0.0094825 0.0129605 0.2061433 8.9999990 8.9999990 8.9999982 8.9152674 
FBG        0.0169089 0.0158846 0.0171648 0.0184579 0.0141795 0.0077386 0.0000000 0.0119570 0.0109675 0.0112210 0.0141935 0.0127008 0.0102020 0.0106930 0.0151774 0.2077265 8.9999990 8.9999990 8.9999982 8.8933259 
8958       0.0195233 0.0174506 0.0192295 0.0187345 0.0162392 0.0129448 0.0119570 0.0000000 0.0087551 0.0129398 0.0149415 0.0127166 0.0102160 0.0131723 0.0169340 0.2017178 8.9999990 8.9999990 8.9999982 8.9718517 
SP10291    0.0167285 0.0179594 0.0174472 0.0174398 0.0137019 0.0122189 0.0109675 0.0087551 0.0000000 0.0106977 0.0116882 0.0107047 0.0087423 0.0114483 0.0136889 0.2037657 8.9999990 8.9999990 8.9999982 8.8802822 
LBD-4      0.0172119 0.0164499 0.0156479 0.0171622 0.0159345 0.0144530 0.0112210 0.0129398 0.0106977 0.0000000 0.0057934 0.0084812 0.0077590 0.0141587 0.0134014 0.2090803 8.9999990 8.9999990 8.9999982 8.8559994 
SS10       0.0184701 0.0184824 0.0169186 0.0176934 0.0164522 0.0147265 0.0141935 0.0149415 0.0116882 0.0057934 0.0000000 0.0092232 0.0107036 0.0139362 0.0156418 0.2125470 8.9999990 8.9999990 8.9999982 8.9880059 
SP3615     0.0187097 0.0166927 0.0166495 0.0187014 0.0136887 0.0134698 0.0127008 0.0127166 0.0107047 0.0084812 0.0092232 0.0000000 0.0107164 0.0149380 0.0159053 0.2073290 8.9999990 8.9999990 8.9999982 8.9079461 
Sprott     0.0171911 0.0181660 0.0186966 0.0207043 0.0149626 0.0109467 0.0102020 0.0102160 0.0087423 0.0077590 0.0107036 0.0107164 0.0000000 0.0121585 0.0154341 0.2047980 8.9999990 8.9999990 8.9999982 8.8821492 
TO0613     0.0131992 0.0129179 0.0149237 0.0134215 0.0112129 0.0094825 0.0106930 0.0131723 0.0114483 0.0141587 0.0139362 0.0149380 0.0121585 0.0000000 0.0089763 0.2034676 8.9999990 8.9999990 8.9999982 8.8857626 
VO31120    0.0124739 0.0151961 0.0124233 0.0134021 0.0129422 0.0129605 0.0151774 0.0169340 0.0136889 0.0134014 0.0156418 0.0159053 0.0154341 0.0089763 0.0000000 0.2055571 8.9999990 8.9999990 8.9999982 8.9183998 
SP2565     0.2085957 0.2074210 0.2063314 0.2115984 0.2042364 0.2061433 0.2077265 0.2017178 0.2037657 0.2090803 0.2125470 0.2073290 0.2047980 0.2034676 0.2055571 0.0000000 8.9999990 8.9999990 8.9999982 8.9999982 
4235       8.9999989 8.9999989 8.9999990 8.9999990 8.9999990 8.9999990 8.9999990 8.9999990 8.9999990 8.9999990 8.9999990 8.9999990 8.9999990 8.9999990 8.9999990 8.9999990 0.0000000 0.0093909 0.0114357 0.4794168 
AF1        8.9999990 8.9999990 8.9999990 8.9999990 8.9999990 8.9999990 8.9999990 8.9999990 8.9999990 8.9999990 8.9999990 8.9999990 8.9999990 8.9999990 8.9999990 8.9999990 0.0093909 0.0000000 0.0129659 0.4740897 
35         8.9999982 8.9999982 8.9999982 8.9999982 8.9999982 8.9999982 8.9999982 8.9999982 8.9999982 8.9999982 8.9999982 8.9999982 8.9999982 8.9999982 8.9999982 8.9999982 0.0114357 0.0129659 0.0000000 0.5071145 
4788       8.8788037 8.8861995 8.8876944 8.9275537 8.8926126 8.9152674 8.8933259 8.9718517 8.8802822 8.8559994 8.9880059 8.9079461 8.8821492 8.8857626 8.9183998 8.9999982 0.4794168 0.4740897 0.5071145 0.0000000 
